Тест 1 (из условия):
4 4
0 1 10 5
0 2 5 8
1 3 7 6
2 3 8 9
3

13 8

Тест 2(нет пути до города): X
3 1
0 1 5 4
2

-1

Тест 3 (изменённый пример из условия): X
4 4
0 1 5 10
0 2 10 15
1 3 10 10
2 3 5 15
3

15 15

Тсет 4 (Большая сеть): X
5 6
0 1 10 20
0 2 5 15
1 3 8 10
2 3 12 25
3 4 6 30
2 4 20 35
4

25 25

Тест 5 (минимальные значения): X
2 1
0 1 1 1
1

1 1

Тест 6 (одинаковая грузоподъёмность): X
3 2
0 1 5 10
1 2 5 10
2

10 10

Тест 7 (выбор между большим временем и большой грузоподъёмностью):
4 4
0 1 5 10
0 2 10 20
1 3 5 10
2 3 5 20
3

15 20

Тест 8 (нули):
1 0
0

0 100000
